Title = "Modes in Stretch positions"
nRows = 3
nCols = 7

g = Chart('G4', frets=15)
g.fret_marks()
g.dots([ (6,3),(4,5),(2,8),(1,15)])
g.circles([      (6,5),(6,7),
           (5,4),(5,5),(5,7),
           (4,4),      (4,7),(4,9),
           (3,6),(3,7),(3,9),
           (2,7),      (2,10),(2,12),
           (1,9),(1,10),(1,12),(1,14)])

g = Chart('G1', frets=15)
g.fret_marks()
g.dots([ (6,3),(4,5),(2,8),(1,15)])

g.circles([      (6,5),(6,7),
           (5,3),(5,5),(5,7),
           (4,4),      (4,7),(4,9),
           (3,5),(3,7),(3,9),
           (2,7),      (2,10),(2,12),
           (1,8),(1,10),(1,12),(1,14)])

g = Chart('G5', frets=15)
g.fret_marks()
g.dots([ (6,3),(4,5),(2,8),(1,15)])

g.circles([      (6,5),(6,7),
           (5,3),(5,5),(5,7),
           (4,3),      (4,7),(4,9),
           (3,5),(3,7),(3,9),
           (2,6),      (2,10),(2,12),
           (1,8),(1,10),(1,12),(1,13)    ])

g = Chart('G2', frets=15)
g.fret_marks()
g.dots([ (6,3),(4,5),(2,8),(1,15)])

g.circles([      (6,5),(6,6),
           (5,3),(5,5),(5,7),
           (4,3),      (4,7),(4,8),
           (3,5),(3,7),(3,9),
           (2,6),      (2,10),(2,11),
           (1,8),(1,10),(1,12),(1,13)    ])

g = Chart('G6', frets=15)
g.fret_marks()
g.dots([ (6,3),(4,5),(2,8),(1,15)])

g.circles([      (6,5),(6,6),
           (5,3),(5,5),(5,6),
           (4,3),      (4,7),(4,8),
           (3,5),(3,7),(3,8),
           (2,6),      (2,10),(2,11),
           (1,8),(1,10),(1,11),(1,13)    ])

g = Chart('G3', frets=15)
g.fret_marks()
g.dots([ (6,3),(4,5),(2,8),(1,15)])

g.circles([      (6,4),(6,6),
           (5,3),(5,5),(5,6),
           (4,3),      (4,6),(4,8),
           (3,5),(3,7),(3,8),
           (2,6),      (2,9),(2,11),
           (1,8),(1,10),(1,11),(1,13)    ])

g = Chart('G7', frets=15)
g.fret_marks()
g.dots([ (6,3),(4,5),(2,8),(1,15)])

g.circles([      (6,4),(6,6),
           (5,3),(5,4),(5,6),
           (4,3),      (4,6),(4,8),
           (3,5),(3,6),(3,8),
           (2,6),      (2,9),(2,11),
           (1,8),(1,9),(1,11),(1,13)    ])

##########################
c = Chart('C4', frets=15)
c.fret_marks()
c.dots([ (5,3),(3,5),(1,8)])
c.circles([      (5,5),(5,7),
           (4,4),(4,5),(4,7),
           (3,4),      (3,7),(3,9),
           (2,7),(2,8),(2,10),
           (1,7),      ])

c = Chart('C1', frets=15)
c.fret_marks()
c.dots([ (5,3),(3,5),(1,8)])
c.circles([      (5,5),(5,7),
           (4,3),(4,5),(4,7),
           (3,4),      (3,7),(3,9),
           (2,6),(2,8),(2,10),
           (1,7),      ])

c = Chart('C5', frets=15)
c.fret_marks()
c.dots([ (5,3),(3,5),(1,8)])
c.circles([      (5,5),(5,7),
           (4,3),(4,5),(4,7),
           (3,3),      (3,7),(3,9),
           (2,6),(2,8),(2,10),
           (1,6),      ])

c = Chart('C2', frets=15)
c.fret_marks()
c.dots([ (5,3),(3,5),(1,8)])
c.circles([      (5,5),(5,6),
           (4,3),(4,5),(4,7),
           (3,3),      (3,7),(3,8),
           (2,6),(2,8),(2,10),
           (1,6),      ])

c = Chart('C6', frets=15)
c.fret_marks()
c.dots([ (5,3),(3,5),(1,8)])
c.circles([      (5,5),(5,6),
           (4,3),(4,5),(4,6),
           (3,3),      (3,7),(3,8),
           (2,6),(2,8),(2,9),
           (1,6),      ])

c = Chart('C3', frets=15)
c.fret_marks()
c.dots([ (5,3),(3,5),(1,8)])
c.circles([      (5,4),(5,6),
           (4,3),(4,5),(4,6),
           (3,3),      (3,6),(3,8),
           (2,6),(2,8),(2,9),
           (1,6),      ])

c = Chart('C7', frets=15)
c.fret_marks()
c.dots([ (5,3),(3,5),(1,8)])
c.circles([      (5,4),(5,6),
           (4,3),(4,4),(4,6),
           (3,3),      (3,6),(3,8),
           (2,6),(2,7),(2,9),
           (1,6),      ])

